#keep = array([   0,    4,   10,   14,   16,   25,   40,   42,   46,   47,   49,
        '''
         50,   53,   54,   58,   60,   62,   66,   81,   86,   87,   98,
        102,  104,  105,  110,  112,  117,  127,  136,  161,  173,  179,
        183,  193,  198,  199,  200,  226,  227,  235,  242,  274,  290,
        298,  301,  309,  322,  324,  334,  335,  342,  347,  362,  370,
        373,  375,  382,  387,  405,  412,  414,  440,  446,  452,  458,
        465,  471,  475,  495,  500,  509,  514,  523,  539,  544,  547,
        553,  595,  597,  601,  604,  607,  612,  614,  616,  619,  621,
        623,  633,  638,  648,  651,  656,  658,  672,  691,  699,  705,
        708,  717,  738,  742,  747,  754,  758,  772,  776,  777,  780,
        789,  799,  801,  809,  821,  827,  838,  844,  853,  864,  869,
        876,  887,  924,  930,  962,  965,  983,  992,  997,  999, 1004,
       1005, 1010, 1011, 1015, 1035, 1043, 1054, 1062, 1063, 1067, 1073,
       1098, 1103, 1113, 1114, 1148, 1159, 1184, 1188, 1200, 1209, 1211,
       1217, 1219, 1231, 1234, 1245, 1251, 1255, 1258, 1272, 1295, 1301,
       1303, 1316, 1324, 1338, 1354, 1362, 1364, 1366, 1376, 1390, 1392,
       1393, 1398, 1406, 1414, 1440, 1446, 1455, 1471, 1478, 1481, 1490,
       1519, 1522, 1528, 1546, 1547, 1555, 1558, 1577, 1580, 1587, 1598,
       1601, 1613, 1632, 1640, 1647, 1648, 1660, 1672, 1695, 1700, 1706,
       1716, 1720, 1732, 1739, 1765, 1770, 1796, 1801, 1819, 1828, 1829,
       1864, 1865, 1866, 1883, 1891, 1901, 1903, 1929, 1935, 1961, 1968,
       1971, 1975, 1980, 1998, 2016, 2060, 2082, 2093, 2102, 2117, 2126,
       2184, 2202, 2218, 2231, 2247, 2257, 2262, 2264, 2266, 2270, 2285,
       2292, 2294, 2307, 2311, 2316, 2335, 2348, 2358, 2366, 2367, 2370,
       2371, 2376, 2383, 2394, 2399, 2408, 2413, 2437, 2440, 2447, 2449,
       2482, 2503, 2511, 2513, 2521, 2545, 2568, 2574, 2586, 2591, 2604,
       2608, 2618, 2633, 2636, 2656, 2659, 2661, 2670, 2682, 2685, 2691,
       2710, 2716, 2722, 2728, 2746, 2749, 2758, 2760, 2777, 2783, 2793,
       2807, 2811, 2812, 2814, 2816, 2830, 2842, 2853, 2857, 2859, 2860,
       2888, 2908, 2914, 2920, 2939, 2941, 2950, 2954, 2960, 2982, 2983,
       2994, 2999, 3015, 3022, 3027, 3035, 3039, 3046, 3054, 3064, 3087,
       3095, 3098, 3109, 3117, 3122, 3135, 3172, 3174, 3178, 3236, 3275,
       3277, 3290, 3295, 3319, 3322, 3324, 3349, 3352, 3359, 3364, 3368,
       3369, 3384, 3410, 3423, 3424, 3425, 3428, 3433, 3477, 3485, 3486,
       3493, 3504, 3524, 3531, 3539, 3542, 3565, 3566, 3574, 3577, 3586,
       3609, 3637, 3639, 3644, 3650, 3664, 3673, 3679, 3683, 3688, 3689,
       3692, 3696, 3697, 3700, 3708, 3713, 3716, 3731, 3742, 3749, 3751,
       3758, 3762, 3777, 3786, 3796, 3803, 3804, 3820, 3872, 3874, 3875,
       3877, 3884, 3888, 3892, 3896, 3909, 3911, 3942, 3949, 3953, 3969,
       3978, 3979, 3985, 3987, 3995, 4004, 4011, 4022, 4027, 4047, 4051,
       4079, 4085, 4088, 4089, 4104, 4105, 4106, 4116, 4120, 4121, 4137,
       4147, 4148, 4149, 4164, 4167, 4168, 4183, 4236, 4240, 4243, 4249,
       4250, 4251, 4252, 4253, 4255, 4263, 4266, 4277, 4284, 4295, 4296,
       4300, 4307, 4310, 4338, 4359, 4387, 4408, 4420, 4428, 4431, 4435,
       4445, 4450, 4464, 4477, 4486, 4498, 4510, 4523, 4527, 4548, 4553,
       4571, 4575, 4579, 4582, 4591, 4592, 4593, 4600, 4627, 4628, 4639,
       4648, 4651, 4656, 4666, 4667, 4671, 4673, 4677, 4695, 4698, 4707,
       4712, 4713, 4714, 4719, 4731, 4732, 4743, 4749, 4754, 4756, 4759,
       4765, 4767, 4770, 4773, 4779, 4782, 4793, 4808, 4810, 4828, 4835,
       4847, 4851, 4856, 4859, 4867, 4895, 4897, 4902, 4907, 4908, 4909,
       4911, 4913, 4923, 4939, 4940, 4943, 4949, 4959, 4967, 4970, 4985,
       4987, 4996, 5002, 5004, 5010, 5014, 5039, 5040, 5047, 5056, 5064,
       5085, 5087, 5096, 5098, 5102, 5106, 5120, 5122, 5125, 5126, 5128,
       5136, 5137, 5145, 5150, 5151, 5152, 5153, 5187, 5191, 5198, 5204,
       5206, 5211, 5214, 5224, 5229, 5231, 5241, 5246, 5250, 5259, 5264,
       5269, 5273, 5282, 5305, 5307, 5309, 5311, 5314, 5318, 5334, 5362,
       5373, 5376, 5378, 5379, 5381, 5382, 5394, 5414, 5452, 5467, 5491,
       5496, 5504, 5506, 5531, 5534, 5537, 5550, 5551, 5557, 5568, 5573,
       5585, 5599, 5602, 5606, 5610, 5637, 5639, 5643, 5659, 5665, 5693,
       5702, 5705, 5707, 5709, 5717, 5740, 5753, 5758, 5768, 5769, 5777,
       5782, 5797, 5802, 5805, 5807, 5811, 5821, 5828, 5834, 5842, 5869,
       5878, 5879, 5882, 5886, 5902, 5917, 5930, 5938, 5944, 5948, 5963,
       5976, 5977, 5988], dtype=int32)